#ifndef __BuiltInPath_h__
#define __BuiltInPath_h__

#include "Helpers/Matrix.h"


struct _BuiltIn_Matrix
{
	float r0[4];
	float r1[4];
	float r2[4];
	float r3[4];
};

static _BuiltIn_Matrix _builtInViews[] =
{
	{
		{1.000f,       0.000f,      -0.010f,     -48.118f},
		{-0.001f,       0.992f,      -0.127f,     -75.269f},
		{0.010f,       0.127f,       0.992f,     -64.218f},
		{0.000f,       0.000f,       0.000f,       1.000f}
	},
	{
		{0.793f,       0.006f,       0.610f,     -41.919f},
		{0.101f,       0.985f,      -0.140f,     -45.473f},
		{-0.601f,       0.173f,       0.780f,     -83.992f},
		{0.000f,       0.000f,       0.000f,       1.000f}
	},
	{
		{0.562f,       0.000f,       0.827f,     -34.860f},
		{0.036f,       0.999f,      -0.025f,     -12.411f},
		{-0.827f,       0.044f,       0.561f,     -30.155f},
		{0.000f,       0.000f,       0.000f,       1.000f}
	},
	{
		{0.481f,       0.000f,       0.877f,     -31.765f},
		{0.049f,       0.998f,      -0.027f,      -7.054f},
		{-0.875f,       0.056f,       0.480f,     -14.077f},
		{0.000f,       0.000f,       0.000f,       1.000f}
	},
	{
		{0.297f,      -0.000f,       0.955f,     -29.137f},
		{0.027f,       1.000f,      -0.008f,      -2.919f},
		{-0.955f,       0.028f,       0.296f,       6.301f},
		{0.000f,       0.000f,       0.000f,       1.000f}
	},
	{
		{0.075f,      -0.000f,       0.997f,     -25.942f},
		{-0.060f,       0.998f,       0.005f,      -1.570f},
		{-0.995f,      -0.060f,       0.075f,      17.451f},
		{0.000f,       0.000f,       0.000f,       1.000f}
	},
	{
		{0.075f,       0.000f,       0.997f,     -27.601f},
		{-0.010f,       1.000f,       0.001f,      -1.029f},
		{-0.997f,      -0.010f,       0.075f,      32.308f},
		{0.000f,       0.000f,       0.000f,       1.000f}
	},
	{
		{0.991f,       0.000f,      -0.137f,     -39.601f},
		{-0.015f,       0.994f,      -0.106f,      -3.107f},
		{0.136f,       0.107f,       0.985f,     -65.188f},
		{0.000f,       0.000f,       0.000f,       1.000f}
	},
	{
		{0.716f,      -0.000f,      -0.698f,     -35.355f},
		{-0.038f,       0.998f,      -0.040f,     -56.096f},
		{0.697f,       0.055f,       0.715f,    -129.861f},
		{0.000f,       0.000f,       0.000f,       1.000f}
	},
	{
		{0.389f,      -0.001f,      -0.921f,     -29.306f},
		{-0.268f,       0.956f,      -0.115f,    -123.235f},
		{0.881f,       0.292f,       0.372f,    -167.129f},
		{0.000f,       0.000f,       0.000f,       1.000f}
	},
	{
		{-0.073f,      -0.001f,      -0.997f,      -2.797f},
		{-0.360f,       0.933f,       0.025f,    -128.239f},
		{0.930f,       0.361f,      -0.069f,    -151.079f},
		{0.000f,       0.000f,       0.000f,       1.000f}
	},
	{
		{0.416f,       0.005f,      -0.909f,     -26.434f},
		{-0.154f,       0.986f,      -0.065f,    -150.778f},
		{0.896f,       0.167f,       0.411f,     -99.727f},
		{0.000f,       0.000f,       0.000f,       1.000f}
	},
	{
		{0.726f,       0.007f,      -0.688f,     -40.249f},
		{0.206f,       0.952f,       0.227f,    -166.022f},
		{0.656f,      -0.307f,       0.689f,      -5.737f},
		{0.000f,       0.000f,       0.000f,       1.000f}
	},
	{
		{0.773f,      -0.002f,      -0.635f,     -34.251f},
		{0.245f,       0.924f,       0.295f,    -162.329f},
		{0.586f,      -0.383f,       0.714f,      12.869f},
		{0.000f,       0.000f,       0.000f,       1.000f}
	},
	{
		{0.110f,       0.000f,      -0.994f,       8.603f},
		{0.009f,       1.000f,       0.001f,    -155.330f},
		{0.994f,      -0.009f,       0.110f,     -53.446f},
		{0.000f,       0.000f,       0.000f,       1.000f}
	},
	{
		{-0.010f,       0.000f,      -1.000f,      14.732f},
		{0.282f,       0.959f,      -0.003f,    -163.343f},
		{0.959f,      -0.282f,      -0.010f,      -4.690f},
		{0.000f,       0.000f,       0.000f,       1.000f}
	},
	{
		{-0.042f,       0.001f,      -0.999f,      16.080f},
		{0.275f,       0.961f,      -0.011f,    -163.540f},
		{0.960f,      -0.276f,      -0.041f,       0.762f},
		{0.000f,       0.000f,       0.000f,       1.000f}
	},
	{
		{0.525f,      -0.002f,      -0.851f,      -9.651f},
		{0.110f,       0.992f,       0.066f,    -162.551f},
		{0.844f,      -0.129f,       0.521f,     -22.639f},
		{0.000f,       0.000f,       0.000f,       1.000f}
	},
	{
		{0.977f,      -0.000f,       0.213f,     -38.165f},
		{-0.005f,       1.000f,       0.022f,    -163.787f},
		{-0.213f,      -0.023f,       0.977f,     -12.126f},
		{0.000f,       0.000f,       0.000f,       1.000f}
	},
	{
		{0.973f,      -0.000f,       0.231f,     -38.259f},
		{0.090f,       0.922f,      -0.377f,    -158.550f},
		{-0.213f,       0.388f,       0.897f,    -104.954f},
		{0.000f,       0.000f,       0.000f,       1.000f}
	},
	{
		{-0.204f,       0.035f,       0.978f,      -1.323f},
		{0.291f,       0.956f,       0.026f,    -173.882f},
		{-0.935f,       0.290f,      -0.206f,     -65.350f},
		{0.000f,       0.000f,       0.000f,       1.000f}
	},
	{
		{-0.945f,       0.026f,       0.325f,      32.263f},
		{0.125f,       0.950f,       0.287f,    -163.197f},
		{-0.301f,       0.312f,      -0.901f,     -97.576f},
		{0.000f,       0.000f,       0.000f,       1.000f}
	},
	{
		{-0.851f,       0.024f,      -0.524f,      37.211f},
		{-0.332f,       0.749f,       0.573f,    -100.156f},
		{0.406f,       0.662f,      -0.630f,    -199.438f},
		{0.000f,       0.000f,       0.000f,       1.000f}
	},
	{
		{0.647f,       0.007f,      -0.763f,     -26.750f},
		{-0.271f,       0.937f,      -0.222f,    -136.216f},
		{0.713f,       0.350f,       0.607f,    -160.015f},
		{0.000f,       0.000f,       0.000f,       1.000f}
	},
	{
		{0.537f,       0.000f,      -0.843f,      -3.332f},
		{-0.068f,       0.997f,      -0.043f,    -121.823f},
		{0.841f,       0.081f,       0.536f,    -184.304f},
		{0.000f,       0.000f,       0.000f,       1.000f}
	},
	{
		{1.000f,       0.007f,      -0.017f,     -48.196f},
		{-0.012f,       0.945f,      -0.328f,     -64.638f},
		{0.014f,       0.328f,       0.945f,     -88.441f},
		{0.000f,       0.000f,       0.000f,       1.000f}
	}
};

static const int _builtInViewsCount = sizeof(_builtInViews) / sizeof(_BuiltIn_Matrix);

static void getBuiltInViews(std::vector< Matrix > &res)
{
	res.clear();
	for(int i = 0; i < _builtInViewsCount; i++) {
		res.push_back(Matrix(Vector(_builtInViews[i].r0),
							 Vector(_builtInViews[i].r1),
							 Vector(_builtInViews[i].r2),
							 Vector(_builtInViews[i].r3)
									));
	}
} 

#endif // __BuiltInPath_h__
